tag week opt r1 r2 r3 noobs tp tcum
0406 {6 Apr} 12.43 87.53 0.00 0.04 19.89 27.66 22.15
0413 {13 Apr} 85.80 14.05 0.12 0.03 2.41 2.32 23.35
0420 {20 Apr} 47.71 52.12 0.15 0.02 13.05 9.35 28.09
0427 {27 Apr} 89.98 9.19 0.50 0.33 0.00 2.13 29.27
0504 {4 May} 76.55 23.15 0.23 0.07 7.10 4.42 32.11
0511 {11 May} 60.91 38.79 0.27 0.04 6.33 10.93 36.43
0518 {18 May} 94.28 5.25 0.32 0.15 0.00 1.71 37.24
0525 {25 May} 47.12 52.65 0.18 0.04 18.85 9.24 40.35
0601 {1 Jun} 5.44 94.54 0.02 0.00 0.15 24.22 50.62
0608 {8 Jun} 48.74 51.20 0.06 0.00 17.22 9.38 53.10
0615 {15 Jun} 79.18 20.37 0.45 0.00 6.66 6.91 54.83
0622 {22 Jun} 48.72 50.31 0.95 0.02 11.04 12.26 58.30
